SELECT distinct mc.CASE_STATE,
                count(distinct dd.case_id)
FROM EDD.RULE_RESULT rr
    JOIN reports.report_action_step ras ON rr.object_id = ras.request_id
    JOIN edd_clear.suspicious_keyword_match skm ON rr.edd_check_id = skm.edd_check_id
    JOIN ddcase.DD_CASE_WORKLOAD dd ON dd.reference_id = rr.object_id
    JOIN reports.META_EDD_INVESTIGATIONS_CASE mc ON dd.case_id = mc.case_id
    JOIN TRANSFER.TRANSFER t ON rr.OBJECT_ID = t.ID
    JOIN FX_CLEAR.RECIPIENT rec ON t.TARGET_RECIPIENT_ID = rec.ID
where dd.REFERENCE_CATEGORY = 'TRANSFER'
AND ras.description != 'Balance Deposit From Self'
AND mc.CASE_CREATION_TIME BETWEEN '2022-09-13' AND '2023-08-10'
AND dd.case_id IN (4181736, 7125204, 7134702, 7135963, 7136244, 7137242, 7138629, 7140095, 7142721, 7145401, 7146704,
                     7152231, 7152457, 7157707, 7157962, 7158202, 7160085, 7161150, 7161368, 7161387, 7162337, 7162338,
                     7162364, 7162646, 7162971, 7166004, 7167714, 7169519, 7170261, 7170437, 7170591, 7172043, 7173557,
                     7173832, 7174397, 7176703, 7176854, 7177053, 7178307, 7179122, 7180009, 7182648, 7184191, 7184368,
                     7185465, 7187978, 7188356, 7193590, 7193887, 7194422, 7195667, 7196140, 7196387, 7196682, 7196693,
                     7197064, 7198131, 7198161, 7200187, 7201040, 7201680, 7201697, 7201748, 7202924, 7203164, 7203536,
                     7203784, 7205720, 7205758, 7205815, 7207137, 7207865, 7208867, 7209621, 7209628, 7209671, 7211081,
                     7211740, 7212070, 7213122, 7213162, 7213672, 7214675, 7214721, 7215018, 7215639, 7219249, 7219749,
                     7221239, 7224931, 7227665, 7227845, 7228435, 7229774, 7230227, 7231033, 7231395, 7238155, 7240293,
                     7241318, 7241679, 7242649, 7244289, 7244293, 7245008, 7245207, 7245971, 7246112, 7246206, 7246488,
                     7246554, 7246630, 7247175, 7248292, 7248442, 7249231, 7251422, 7255064, 7255854, 7257714, 7258016,
                     7258341, 7258453, 7258617, 7258651, 7259680, 7261770, 7262007, 7262087, 7263064, 7263212, 7264390,
                     7265113, 7265380, 7265878, 7265990, 7266777, 7267140, 7267962, 7269098, 7269185, 7270208, 7270332,
                     7271392, 7273092, 7273313, 7274918, 7276078, 7277924, 7278483, 7279026, 7279120, 7280328, 7280508,
                     7280637, 7281523, 7281553, 7281664, 7281973, 7282163, 7284039, 7284131, 7284229, 7284585, 7285245,
                     7285480, 7286730, 7288299, 7290936, 7290946, 7291219, 7291380, 7291691, 7292493, 7299201, 7299525,
                     7300911, 7301687, 7302833, 7304187, 7304991, 7305475, 7306885, 7307696, 7307973, 7309770, 7310271,
                     7310459, 7310548, 7310637, 7311841, 7312601, 7313307, 7314069, 7315866, 7317346, 7317445, 7317947,
                     7319491, 7320415, 7321129, 7321841, 7321843, 7325122, 7325798, 7326075, 7326250, 7327099, 7327482,
                     7330516, 7336494, 7337225, 7337519, 7337868, 7338414, 7339683, 7342626, 7343826, 7344131, 7347289,
                     7349228, 7350338, 7350357, 7351165, 7357583, 7362282, 7363752, 7365487, 7366357, 7366447, 7366547,
                     7366729, 7367258, 7367527, 7367590, 7368277, 7368291, 7368522, 7368839, 7369134, 7369208, 7369893,
                     7370326, 7373045, 7375101, 7376949, 7377994, 7380318, 7380777, 7381003, 7383298, 7384022, 7384241,
                     7386087, 7386372, 7387139, 7388670, 7388838, 7389585, 7392570, 7394602, 7395584, 7398777, 7399336,
                     7399976, 7400037, 7401046, 7402036, 7403416, 7404459, 7408328, 7409886, 7413999, 7414942, 7416649,
                     7417340, 7419263, 7421044, 7421511, 7424218, 7424264, 7425473, 7425875, 7425902, 7426043, 7427941,
                     7428272, 7428344, 7428533, 7430667, 7431146, 7431617, 7433279, 7433636, 7435373, 7437728, 7437972,
                     7438218, 7438903, 7438911, 7439172, 7439331, 7439356, 7439998, 7441191, 7442228, 7446061, 7448770,
                     7451275, 7451868, 7453067, 7453447, 7454432, 7454434, 7454493, 7455485, 7455715, 7456080, 7456341,
                     7457005, 7457281, 7461222, 7461293, 7461891, 7461897, 7463448, 7463519, 7464075, 7464090, 7464091,
                     7465957, 7467328, 7468688, 7469028, 7469657, 7470161, 7470173, 7470624, 7473446, 7476539, 7477351,
                     7477674, 7479450, 7481653, 7483221, 7484580, 7487368, 7488263, 7491558, 7491729, 7493611, 7493926,
                     7494589, 7496332, 7497391, 7498032, 7498849, 7499892, 7502648, 7503134, 7505427, 7505936, 7507153,
                     7507561, 7508903, 7508961, 7510345, 7512047, 7512090, 7512584, 7514813, 7517741, 7520691, 7523844,
                     7526610, 7526913, 7530177, 7530562, 7531484, 7532355, 7532731, 7545399, 7547142, 7549873, 7551041,
                     7551260, 7556588, 7558526, 7561766, 7562432, 7562708, 7562804, 7563277, 7563382, 7564259, 7566320,
                     7568343, 7569723, 7570111, 7570640, 7573378, 7573986, 7574584, 7576480, 7576990, 7578475, 7579153,
                     7579419, 7580042, 7582835, 7585515, 7587263, 7592098, 7592802, 7596968, 7597659, 7598083, 7599051,
                     7600932, 7604180, 7605111, 7609094, 7610809, 7610961, 7612139, 7618390, 7620365, 7621383, 7623946,
                     7626006, 7626338, 7626536, 7626646, 7629961, 7631093, 7631932, 7631956, 7634363, 7636933, 7638541,
                     7640951, 7641560, 7642169, 7643631, 7644130, 7644187, 7644804, 7645150, 7645866, 7650607, 7650671,
                     7651968, 7654492, 7655117, 7657315, 7657433, 7659205, 7662246, 7664005, 7665134, 7665485, 7666355,
                     7666733, 7669772, 7671933, 7672628, 7674619, 7680482, 7681200, 7682862, 7682955, 7683471, 7683911,
                     7684407, 7690751, 7690966, 7692955, 7694210, 7695564, 7697825, 7700031, 7700713, 7700964, 7701780,
                     7703269, 7703472, 7703577, 7704521, 7705114, 7705561, 7706549, 7706762, 7707364, 7708179, 7708495,
                     7708584, 7709467, 7709724, 7710082, 7710816, 7711264, 7711654, 7711820, 7712117, 7714547, 7714746,
                     7714897, 7714946, 7716434, 7717946, 7719642, 7720812, 7722545, 7724087, 7724318, 7728089, 7729284,
                     7729663, 7732460, 7732937, 7734719, 7735132, 7737531, 7738479, 7738821, 7739955, 7742807, 7744384,
                     7744690, 7746687, 7747828, 7748150, 7748431, 7750645, 7751736, 7753373, 7756629, 7756738, 7758904,
                     7759337, 7764936, 7767304, 7768187, 7769369, 7770300, 7770833, 7771114, 7771227, 7774201, 7775726,
                     7778038, 7779436, 7781727, 7783134, 7787139, 7787789, 7787839, 7787926, 7788146, 7788456, 7788660,
                     7789692, 7790278, 7791452, 7792996, 7795045, 7795534, 7796591, 7796878, 7798011, 7799514, 7799856,
                     7800551, 7801022, 7802122, 7802183, 7803015, 7803694, 7803876, 7805713, 7806627, 7808556, 7808912,
                     7809647, 7818003, 7818441, 7819116, 7820800, 7821457, 7821624, 7821798, 7821906, 7822082, 7825809,
                     7829309, 7829607, 7830108, 7831040, 7832189, 7832244, 7832299, 7832488, 7832843, 7833598, 7833613,
                     7833632, 7833772, 7835743, 7836709, 7837129, 7838528, 7838798, 7839139, 7839272, 7839282, 7839646,
                     7840132, 7840620, 7841104, 7841736, 7841992, 7842098, 7842594, 7842977, 7843047, 7843440, 7846059,
                     7846752, 7848690, 7848722, 7849719, 7852017, 7852564, 7852979, 7853450, 7855735, 7855804, 7856281,
                     7857453, 7858772, 7859371, 7859410, 7859548, 7859675, 7860170, 7860665, 7861570, 7864577, 7864869,
                     7864980, 7865301, 7865776, 7866397, 7866478, 7867152, 7870647, 7870697, 7872224, 7872409, 7873237,
                     7877366, 7879458, 7879838, 7881733, 7882943, 7885147, 7885264, 7885598, 7885835, 7886611, 7887718,
                     7888884, 7891953, 7892090, 7892267, 7892544, 7892705, 7892779, 7893308, 7893752, 7893825, 7896560,
                     7898231, 7898369, 7898485, 7898747, 7899023, 7899376, 7899436, 7899865, 7900622, 7900680, 7900832,
                     7901110, 7901120, 7901439, 7901604, 7901619, 7901887, 7901901, 7902804, 7903771, 7904062, 7905929,
                     7908711, 7909818, 7912148, 7912196, 7912674, 7914374, 7915275, 7915673, 7916796, 7920555, 7920827,
                     7922075, 7923033, 7926477, 7928277, 7930025, 7930487, 7930633, 7931733, 7933489, 7939254, 7940073,
                     7943673, 7944697, 7945411, 7948549, 7949017, 7949438, 7949524, 7950508, 7950873, 7951396, 7952851,
                     7953054, 7956302, 7957945, 7958193, 7959202, 7959495, 7959849, 7961173, 7961810, 7962105, 7962303,
                     7962734, 7963173, 7963706, 7963924, 7963958, 7970987, 7971329, 7971823, 7972755, 7973055, 7973436,
                     7974728, 7977060, 7977081, 7978610, 7979285, 7979321, 7980954, 7983157, 7983792, 7983878, 7984325,
                     7985032, 7985895, 7986165, 7986571, 7986573, 7987299, 7987977, 7989240, 7991400, 7992925, 7993043,
                     7999526, 8000376, 8001941, 8002256, 8003705, 8006357, 8008421, 8008632, 8008928, 8008947, 8009098,
                     8015634, 8017308, 8017420, 8017705, 8017969, 8019608, 8020105, 8022832, 8024994, 8026048, 8026789,
                     8027434, 8032769, 8032776, 8033247, 8034680, 8035177, 8039663, 8040531, 8042267, 8045272, 8046753,
                     8047040, 8048324, 8048912, 8048953, 8049959, 8050499, 8050544, 8050963, 8051923, 8052156, 8054278,
                     8061047, 8061679, 8066896, 8067110, 8067540, 8067570, 8068223, 8072672, 8073379, 8074692, 8074839,
                     8076787, 8079586, 8080023, 8080408, 8085409, 8085677, 8088489, 8088828, 8090351, 8091328, 8091635,
                     8092151, 8092622, 8093842, 8093953, 8094190, 8095252, 8096344, 8099491, 8101629, 8102389, 8106966,
                     8107297, 8109253, 8109815, 8111013, 8111451, 8114410, 8120023, 8125630, 8125678, 8125775, 8126654,
                     8127210, 8127469, 8132106, 8132148, 8138831, 8142145, 8148340, 8149652, 8150960, 8152604, 8154091,
                     8154618, 8154716, 8157022, 8158931, 8160229, 8165967, 8165973, 8168927, 8169584, 8171499, 8172314,
                     8178959, 8179078, 8181862, 8181909, 8187389, 8187939, 8188739, 8190576, 8190862, 8193166, 8195047,
                     8195194, 8195219, 8195517, 8197524, 8203377, 8205319, 8205672, 8206066, 8212811, 8213235, 8214694,
                     8216491, 8218971, 8220220, 8220993, 8221260, 8221369, 8221757, 8225534, 8231388, 8233134, 8233532,
                     8233772, 8234605, 8235151, 8236351, 8236433, 8238335, 8239041, 8239351, 8239473, 8239549, 8241231,
                     8241446, 8241666, 8244187, 8254562, 8255004, 8255534, 8256117, 8257504, 8259050, 8270141, 8270386,
                     8270728, 8273377, 8273620, 8277909, 8278149, 8280625, 8281645, 8282795, 8284055, 8284149, 8285840,
                     8286746, 8288698, 8294009, 8294832, 8294959, 8295633, 8298939, 8299573, 8299581, 8301285, 8301589,
                     8303438, 8304271, 8307571, 8310197, 8310288, 8311724, 8312350, 8313401, 8313529, 8313867, 8314026,
                     8314611, 8315139, 8315916, 8316155, 8317521, 8317881, 8318658, 8322960, 8327743, 8330827, 8331367,
                     8331789, 8331858, 8332117, 8333572, 8333923, 8334129, 8335936, 8335972, 8337493, 8338103, 8340932,
                     8341865, 8342181, 8343017, 8343543, 8343699, 8346659, 8347504, 8349256, 8350008, 8350582, 8354426,
                     8354454, 8355497, 8357824, 8358117, 8360428, 8361153, 8361593, 8362417, 8362787, 8364123, 8368113,
                     8370979, 8371707, 8373335, 8373816, 8375836, 8376601, 8379652, 8379719, 8381493, 8382553, 8386547,
                     8387234, 8388052, 8389133, 8389719, 8389766, 8390026, 8392300, 8394523, 8395476, 8396944, 8397568,
                     8399429, 8399706, 8402851, 8403147, 8403854, 8406139, 8407756, 8409091, 8409526, 8410998, 8411787,
                     8412979, 8413533, 8414397, 8419304, 8420554, 8420795, 8422228, 8422410, 8423200, 8428002, 8429064,
                     8431452, 8432231, 8438842, 8440848, 8441750, 8443387, 8443425, 8444532, 8448191, 8449036, 8454168,
                     8454250, 8454258, 8455452, 8456794, 8460681, 8463026, 8463599, 8463727, 8464143, 8465393, 8467478,
                     8469784, 8470693, 8470970, 8471287, 8473775, 8476179, 8478106, 8478159, 8478300, 8486804, 8491523,
                     8492639, 8494561, 8494807, 8495481, 8496462, 8508420, 8509141, 8510761, 8512261, 8518512, 8519773,
                     8520687, 8521383, 8522454, 8523256, 8524607, 8526010, 8526054, 8528147, 8528577, 8529635, 8532217,
                     8532236, 8532575, 8532966, 8533155, 8533753, 8535813, 8536424, 8536441, 8536971, 8539850, 8541288,
                     8544514, 8546420, 8546755, 8546888, 8547333, 8547852, 8548100, 8548685, 8554884, 8555020, 8557327,
                     8557487, 8558721, 8559406, 8561225, 8562027, 8562121, 8562375, 8563325, 8565750, 8565996, 8567282,
                     8571409, 8572336, 8573113, 8574635, 8574690, 8575695, 8579353, 8582645, 8582762, 8587559, 8589584,
                     8591668, 8592929, 8593865, 8596619, 8600775, 8601127, 8601935, 8602305, 8602618, 8603450, 8604824,
                     8608001, 8608692, 8610017, 8610858, 8614428, 8614882, 8615445, 8615475, 8615802, 8620532, 8621017,
                     8621662, 8622494, 8623225, 8623614, 8623818, 8623885, 8624271, 8624334, 8624999, 8625499, 8626358,
                     8626747, 8628239, 8628292, 8628318, 8629436, 8629679, 8629723, 8629828, 8631482, 8634592, 8639178,
                     8639226, 8640188, 8641173, 8642616, 8644817, 8645936, 8646261, 8648185, 8648762, 8650194, 8659636,
                     8662075, 8662170, 8662291, 8662617, 8663688, 8663867, 8663952, 8664713, 8664883, 8665881, 8665917,
                     8666694, 8671537, 8676161, 8676341, 8677413, 8677692, 8680887, 8681045, 8681471, 8681737, 8684331,
                     8685319, 8691297, 8691390, 8693162, 8695021, 8695262, 8695771, 8696265, 8702157, 8702624, 8702637,
                     8707944, 8708146, 8708769, 8710400, 8712402, 8713548, 8715280, 8715827, 8717677, 8717797, 8718283,
                     8719481, 8720950, 8723545, 8723913, 8723990, 8725634, 8726723, 8730273, 8730573, 8732358, 8733116,
                     8733631, 8734544, 8737738, 8742328, 8743369, 8743795, 8749063, 8750354, 8751439, 8753360, 8754115,
                     8755802, 8757537, 8757880, 8759276, 8759283, 8760340, 8761567, 8762055, 8762357, 8762410, 8766149,
                     8766657, 8767905, 8768945, 8769190, 8769275, 8769510, 8773021, 8773994, 8781471, 8787489, 8788508,
                     8789363, 8790373, 8795236, 8800060, 8800907, 8801513, 8801777, 8802048, 8802392, 8802551, 8803002,
                     8804319, 8806417, 8806624, 8807443, 8807534, 8808076, 8808525, 8812716, 8816179, 8816824, 8819373,
                     8820168, 8820453, 8822149, 8823026, 8824029, 8824875, 8824986, 8825036, 8825178, 8825701, 8828730,
                     8828750, 8830808, 8831300, 8833163, 8833321, 8833498, 8833930, 8835024, 8836068, 8837833, 8839344,
                     8845174, 8850384, 8850599, 8851291, 8851629, 8852572, 8852919, 8853722, 8854874, 8856454, 8860216,
                     8861565, 8861768, 8862025, 8863501, 8865041, 8865608, 8866048, 8866300, 8868811, 8870078, 8870695,
                     8870795, 8872445, 8872813, 8872829, 8874468, 8877091, 8877725, 8877765, 8877802, 8882840, 8883404,
                     8884063, 8884787, 8884839, 8885893, 8887032, 8889940, 8890508, 8891672, 8892190, 8896964, 8897358,
                     8899517, 8899618, 8901064, 8901342, 8903805, 8906017, 8906250, 8909453, 8909931, 8912392, 8914351,
                     8915068, 8915584, 8916027, 8916043, 8916922, 8917728, 8919067, 8919405, 8920127, 8922004, 8922605,
                     8922884, 8923119, 8925594, 8925933, 8929935, 8930255, 8931997, 8932223, 8932345, 8933795, 8934979,
                     8936045, 8936312, 8936534, 8936602, 8936815, 8937677, 8938834, 8938860, 8939542, 8939653, 8939896,
                     8942041, 8948126, 8951924, 8952260, 8952894, 8954909, 8955872, 8966085, 8966168, 8967197, 8967352,
                     8971987, 8973322, 8973782, 8975308, 8985209, 8987259, 8988336, 8989114, 8992940, 8993327, 8993603,
                     8997554, 8998102, 8998838, 9008041, 9009922, 9010097, 9011717, 9012520, 9014240, 9014612, 9017906,
                     9019099, 9020522, 9023501, 9027680, 9028158, 9028439, 9028931, 9029019, 9030917, 9031029, 9039388,
                     9039879, 9039961, 9040143, 9040732, 9040833, 9042784, 9042865, 9046868, 9047039, 9047446, 9047452,
                     9048487, 9049589, 9054747, 9055991, 9056041, 9056089, 9056229, 9056812, 9057014, 9059107, 9073539,
                     9075686, 9083388, 9087780, 9088961, 9091075, 9094775, 9096418, 9096546, 9102120, 9104116, 9109364,
                     9110690, 9110971, 9113595, 9116184, 9118323, 9118375, 9120472, 9123561, 9124943, 9129463, 9129736,
                     9130167, 9130526, 9132952, 9133010, 9133405, 9133935, 9137001, 9137216, 9138723, 9140739, 9143110,
                     9143287, 9143320, 9143330, 9146655, 9150016, 9150513, 9153466, 9157953, 9159165, 9159373, 9159950,
                     9159969, 9162691, 9162769, 9163033, 9163435, 9165020, 9170013, 9170467, 9171660, 9171719, 9172440,
                     9177570, 9178210, 9184358, 9184499, 9186782, 9189521, 9191444, 9191764, 9192099, 9192620, 9193711,
                     9195327, 9195722, 9197669, 9200204, 9203812, 9205223, 9208179, 9208711, 9209319, 9210925, 9211568,
                     9212309, 9212339, 9213025, 9213026, 9218517, 9225623, 9226784, 9227793, 9230568, 9230825, 9231012,
                     9233065, 9233088, 9233757, 9233964, 9234046, 9234832, 9235601, 9235799, 9236541, 9246234, 9247493,
                     9251625, 9256308, 9256407, 9257683, 9258249, 9258355, 9258998, 9261193, 9262472, 9264100, 9268409,
                     9269751, 9270511, 9272244, 9273052, 9273193, 9274575, 9275573, 9276402, 9276860, 9277371, 9277503,
                     9279594, 9280794, 9281408, 9285083, 9285192, 9286835, 9288057, 9288500, 9289603, 9293235, 9293596,
                     9293961, 9295199, 9295427, 9296306, 9296862, 9297297, 9299990, 9304802, 9305309, 9306561, 9306660,
                     9307310, 9309172, 9310598, 9312927, 9312953, 9313346, 9313393, 9313403, 9313753, 9315223, 9316925,
                     9319304, 9319642, 9323240, 9324776, 9326725, 9327095, 9327933, 9329127, 9330392, 9330510, 9331299,
                     9338453, 9341490, 9344516, 9344915, 9345111, 9346115, 9346332, 9347320, 9348320, 9355923, 9355968,
                     9357133, 9360548, 9361967, 9364611, 9366062, 9371161, 9378646, 9380062, 9382142, 9382528, 9386389,
                     9391878, 9396459, 9398157, 9398203, 9415848, 9416550, 9418006, 9425066, 9436026, 9440976, 9444252,
                     9445597, 9449948, 9450722, 9450980, 9452132, 9452196, 9452596, 9453126, 9453370, 9456834, 9459276,
                     9464829, 9465051, 9466017, 9468604, 9468998, 9470062, 9472974, 9474858, 9475115, 9479486, 9479739,
                     9481902, 9490916, 9490926, 9493444, 9493974, 9494477, 9495494, 9497393, 9498746, 9499413, 9499947,
                     9499966, 9504267, 9505483, 9510862, 9514145, 9516153, 9516185, 9516832, 9517783, 9518907, 9519813,
                     9526554, 9526852, 9531334, 9538502, 9538945, 9539005, 9541621, 9541789, 9547319, 9547545, 9549914,
                     9554440, 9554809, 9561695, 9564101, 9564592, 9566077, 9572592, 9573761, 9573915, 9574496, 9576773,
                     9577345, 9577348, 9577849, 9582586, 9583412, 9585524, 9587759, 9589457, 9591242, 9591709, 9594872,
                     9595682, 9596747, 9599673, 9604590, 9606657, 9608226, 9614735, 9618119, 9619725, 9619728, 9623413,
                     9623493, 9624540, 9624711, 9629161, 9631082, 9635008, 9637209, 9637514, 9640311, 9640589, 9644549,
                     9647854, 9648946, 9651039, 9652500, 9655273, 9657265, 9660795, 9660815, 9661833, 9665742, 9668049,
                     9668251, 9668317, 9668445, 9668642, 9670628, 9674222, 9674501, 9675098, 9675263, 9675586, 9679211,
                     9679430, 9683293, 9686661, 9689129, 9694605, 9695923, 9702385, 9703051, 9703217, 9703468, 9703869,
                     9704992, 9705020, 9706243, 9706978, 9709118, 9709347, 9710301, 9721019, 9721588, 9722061, 9724117,
                     9724169, 9724928, 9725945, 9726495, 9727004, 9728604, 9728693, 9729948, 9730607, 9730945, 9731738,
                     9732078, 9734926, 9741021, 9743434, 9744003, 9746544, 9747659, 9753721, 9754543, 9757537, 9768714,
                     9768717, 9768803, 9769797, 9770348, 9772227, 9774239, 9774588, 9774965, 9775976, 9776614, 9777294,
                     9778561, 9779552, 9780384, 9781853, 9782806, 9784611, 9784914, 9785482, 9788593, 9789360, 9791023,
                     9791401, 9796651, 9798480, 9799539, 9803278, 9803289, 9804120, 9804298, 9805266, 9805324, 9806118,
                     9806779, 9807610, 9809572, 9809882, 9812309, 9814350, 9814808, 9816374, 9816772, 9816847, 9820445,
                     9823768, 9827177, 9828377, 9831090, 9831622, 9831693, 9834338, 9835281, 9836348, 9836562, 9836861,
                     9837611, 9837765, 9838794, 9838824, 9850330, 9850348, 9850683, 9851185, 9852670, 9852836, 9853111,
                     9854415, 9857943, 9858050, 9859691, 9860428, 9863064, 9865355, 9865462, 9865476, 9869734, 9871672,
                     9873227, 9876253, 9877892, 9880864, 9881224, 9887603, 9888555, 9891256, 9891755, 9893557, 9895107,
                     9895947, 9896080, 9896233, 9896456, 9897035, 9897389, 9898287, 9901598, 9908803, 9910476, 9911026,
                     9912689, 9914581, 9917156, 9924784, 9925155, 9925579, 9925822, 9926939, 9927024, 9927725, 9928089,
                     9928678, 9929084, 9929659, 9931517, 9932301, 9932565, 9932667, 9934170, 9934921, 9937303, 9937854,
                     9937914, 9948835, 9952781, 9955838, 9957066, 9959137, 9960004, 9960170, 9960870, 9970368, 9971532,
                     9974757, 9977477, 9978100, 9978202, 9980906, 9980940, 9980975, 9981699, 9983924, 9984148, 9989117,
                     9989645, 9989713, 9990180, 9991250, 9993369, 9995801, 9996940, 9997356, 9998091, 9998176, 10001748,
                     10001902, 10002729, 10003766, 10006412, 10008664, 10011868, 10012270, 10013626, 10013876, 10014262,
                     10014604, 10014637, 10014735, 10015626, 10020432, 10021230, 10023684, 10030395, 10030728, 10038658,
                     10038752, 10039434, 10044702, 10047434, 10051307, 10051742, 10054882, 10057158, 10059112, 10059808,
                     10060393, 10061116, 10062599, 10064930, 10066296, 10072137, 10077289, 10077729, 10080866, 10081083,
                     10082755, 10084765, 10085874, 10087159, 10087913, 10088278, 10091400, 10092311, 10095202, 10098316,
                     10098957, 10101090, 10108409, 10111422, 10111756, 10112436, 10113312, 10116743, 10116865, 10122976,
                     10125011, 10126286, 10127406, 10134430, 10136360, 10137157, 10141653, 10144182, 10144521, 10148021,
                     10154352, 10154515, 10155412, 10157493, 10161024, 10164829, 10165588, 10166910, 10168841, 10169443,
                     10169731, 10174908, 10175846, 10176542, 10176570, 10179354, 10183119, 10187371, 10188115, 10190385,
                     10192895, 10198154, 10198551, 10200160, 10200262, 10201457, 10201703, 10204603, 10204995, 10207812,
                     10208819, 10210363, 10212194, 10212878, 10213759, 10218462, 10218914, 10221270, 10224888, 10225592,
                     10228985, 10232337, 10234421, 10236182, 10239000, 10240562, 10242140, 10242744, 10243546, 10244250,
                     10245387, 10246527, 10246902, 10247061, 10247417, 10248142, 10248159, 10248343, 10248563, 10249408,
                     10250497, 10253807, 10255535, 10257172, 10265139, 10265700, 10268482, 10268524, 10269384, 10269826,
                     10270826, 10271765, 10272506, 10274123, 10274217, 10277111, 10277748, 10279150, 10280522, 10282033,
                     10282898, 10283506, 10283868, 10285110, 10286364, 10287791, 10289855, 10291566, 10292181, 10292661,
                     10292823, 10293598, 10295447, 10295852, 10296822, 10298120, 10302544, 10302643, 10304576, 10307927,
                     10310506, 10311069, 10311928, 10313886, 10315439, 10316257, 10318633, 10318696, 10318894, 10329651,
                     10331301, 10336553, 10337540, 10338161, 10338700, 10339879, 10341808, 10343130, 10344376, 10344955,
                     10344956, 10346393, 10347982, 10350813, 10353481, 10355809, 10355924, 10356634, 10356913, 10356933,
                     10359047, 10359092, 10359112, 10363572, 10370584, 10371031, 10376463, 10380187, 10380263, 10382506,
                     10383767, 10384793, 10385511, 10388872, 10389459, 10389499, 10390505, 10391222, 10393430, 10394081,
                     10397295, 10398940, 10399706, 10401146, 10405389, 10407743, 10411098, 10413975, 10419098, 10421319,
                     10421714, 10423014, 10424610, 10425707, 10428518, 10428976, 10430685, 10435307, 10435515, 10435982,
                     10436281, 10438403, 10440691, 10443267, 10445807, 10446597, 10446731, 10449089, 10449390, 10453161,
                     10453587, 10455925, 10458047, 10459183, 10461802, 10462040, 10464211, 10464758, 10464978, 10465832,
                     10466783, 10467537, 10471107, 10473470, 10475477, 10478746, 10480051, 10481129, 10481891, 10483246,
                     10483866, 10485348, 10489360, 10489809, 10494228, 10494434, 10498457, 10498961, 10505841, 10506230,
                     10513093, 10518356, 10519927, 10521563, 10521615, 10522537, 10524391, 10526728, 10527765, 10528598,
                     10531474, 10532017, 10533462, 10538231, 10539816, 10541983, 10543511, 10544210, 10545491, 10545570,
                     10547532, 10547842, 10547994, 10548229, 10551808, 10553846, 10554990, 10559137, 10559185, 10560059,
                     10569016, 10570150, 10571227, 10572200, 10572659, 10574750, 10575828, 10578310, 10579355, 10579958,
                     10584696, 10585995, 10588641, 10588782, 10589291, 10591533, 10592961, 10594706, 10601772, 10603461,
                     10604663, 10607308, 10608834, 10609352, 10611748, 10614680, 10619703, 10620556, 10621139, 10629077,
                     10630676, 10631157, 10635621, 10636001, 10637534, 10637719, 10640320, 10653822, 10656565, 10658062,
                     10658180, 10658883, 10660439, 10661101, 10661954, 10662144, 10662913, 10664191, 10665887, 10670416,
                     10673111, 10675323, 10675654, 10677983, 10679922, 10680666, 10681749, 10686579, 10686767, 10687984,
                     10689918, 10689936, 10699268, 10699554, 10700995, 10705205, 10705499, 10709150, 10710998, 10716844,
                     10717697, 10718519, 10718664, 10722933, 10723233, 10723705, 10725271, 10728194, 10728599, 10728749,
                     10729877, 10732008, 10734908, 10738222, 10744875, 10745971, 10747887, 10749778, 10750360, 10753274,
                     10761703, 10766001, 10767541, 10769317, 10771732, 10772429, 10772819, 10774947, 10784340, 10786637,
                     10789918, 10795744, 10797273, 10798218, 10798748, 10799589, 10799771, 10800056, 10801375, 10806445,
                     10809867, 10815582, 10816113, 10819457, 10819906, 10820532, 10822906, 10824819, 10824870, 10827849,
                     10832282, 10832706, 10833487, 10833529, 10833956, 10835562, 10835727, 10835843, 10836424, 10837293,
                     10837402, 10838341, 10842571, 10843974, 10844067, 10848693, 10850451, 10850643, 10851269, 10853312,
                     10853882, 10854318, 10858971, 10859591, 10861693, 10867318, 10888140, 10888165, 10890826, 10892600,
                     10894005, 10894561, 10897173, 10897327, 10900903, 10902647, 10904228, 10905791, 10908748, 10910002,
                     10913817, 10920862, 10923950, 10924969, 10926103, 10926116, 10931051, 10935810, 10942541, 10942566,
                     10944974, 10952093, 10956051, 10956180, 10958872, 10963181, 10973875, 10977644, 10980426, 10986504,
                     10989131, 10990445, 10995774, 10997346, 10998416, 10998431, 11000729, 11001603, 11006660, 11007178,
                     11008843, 11009526, 11009527, 11009572, 11010770, 11011119, 11011857, 11022135, 11024062, 11024821,
                     11027094, 11027330, 11027753, 11028544, 11032814, 11035644, 11037000, 11037328, 11037426, 11037630,
                     11039035, 11040705, 11042226, 11042842, 11043116, 11043473, 11044327, 11050010, 11050614, 11050946,
                     11055066, 11066071, 11066735, 11068427, 11077088, 11078288, 11084922, 11085815, 11086877, 11087567,
                     11088768, 11098179, 11099698, 11101095, 11102007, 11104524, 11108481, 11110948, 11115823, 11118428,
                     11122261, 11122894, 11125041, 11127477, 11127607, 11128091, 11130297, 11130680, 11131162, 11131255,
                     11133907, 11135041, 11135251, 11135494, 11135801, 11138797, 11140813, 11145813, 11146482, 11148669,
                     11150330, 11153964, 11155146, 11155621, 11156830, 11156853, 11157042, 11164122, 11165648, 11171942,
                     11175994, 11175995, 11180414, 11181734, 11182254, 11190632, 11192286, 11193326, 11194837, 11198355,
                     11198782, 11199265, 11202159, 11205578, 11208181, 11208216, 11209259, 11210978, 11212969, 11215110,
                     11219230, 11221184, 11223686, 11224147, 11225636, 11226308, 11227785, 11228031, 11233319, 11235122,
                     11235586, 11235781, 11238792, 11239741, 11241320, 11247803, 11248813, 11253347, 11253609, 11262858,
                     11263006, 11266056, 11266792, 11267011, 11267601, 11271232, 11271377, 11272631, 11277285, 11278508,
                     11281572, 11284320, 11286092, 11289992, 11292596, 11292993, 11293999, 11299412, 11300032, 11300457,
                     11300901, 11313361, 11314207, 11314778, 11314909, 11315112, 11315977, 11316342, 11317195, 11317320,
                     11320496, 11321559, 11326545, 11326898, 11332686, 11336490, 11338869, 11351126, 11351308, 11353263,
                     11360534, 11362120, 11367265, 11368316, 11374312, 11374393, 11382767, 11383020, 11384132, 11388626,
                     11388728, 11389081, 11392874, 11394923, 11398113, 11400646, 11400811, 11402942, 11403592, 11405722,
                     11406055, 11407562, 11409121, 11409323, 11409779, 11409790, 11409830, 11409872, 11411436, 11411557,
                     11416090, 11420173, 11420481, 11423023, 11423122, 11423324, 11430608, 11431950, 11433761, 11434477,
                     11438685, 11438812, 11439780, 11439823, 11440349, 11444471, 11445758, 11450992, 11451151, 11455159,
                     11455516, 11458805, 11459259, 11461514, 11464900, 11466223, 11470676, 11470696, 11471122, 11474377,
                     11475084, 11477578, 11479470, 11480780, 11483045, 11483650, 11484725, 11485944, 11486452, 11488237,
                     11488733, 11490053, 11490887, 11491079, 11491384, 11491518, 11493621, 11493973, 11494766, 11498617,
                     11503161, 11509011, 11510086, 11511544, 11516459, 11517192, 11518285, 11521543, 11523354, 11526286,
                     11531451, 11536520, 11536991, 11538052, 11538160, 11539459, 11539595, 11543530, 11543981, 11545023,
                     11550121, 11550682, 11550746, 11551262, 11562414, 11562818, 11564837, 11564988, 11565322, 11565489,
                     11565553, 11566541, 11567131, 11571016, 11571176, 11571348, 11573933, 11575699, 11576063, 11577623,
                     11580443, 11580514, 11581078, 11583625, 11587519, 11587960, 11589663, 11590536, 11593377, 11596525,
                     11597434, 11599199, 11602097, 11606907, 11607102, 11607875, 11610345, 11611868, 11612953, 11615142,
                     11623056, 11623393, 11624145, 11627494, 11627948, 11628115, 11628243, 11629789, 11631130, 11631564,
                     11632434, 11632677, 11635915, 11637743, 11638474, 11639062, 11639277, 11639764, 11640599, 11640957,
                     11641421, 11641469, 11642452, 11642934, 11648533, 11652078, 11656005, 11656212, 11656734, 11658476,
                     11660839, 11665427, 11666888, 11667250, 11668326, 11672355, 11673238, 11674404, 11674441, 11674895,
                     11676204, 11676796, 11678014, 11678133, 11679957, 11681675, 11683650, 11684296, 11684364, 11684500,
                     11686269, 11688237, 11688638, 11689903, 11691390, 11691457, 11691613, 11694031, 11695092, 11695116,
                     11697343, 11697576, 11697798, 11698662, 11698684, 11699152, 11699453, 11700324, 11700781, 11701817,
                     11702254, 11702443, 11702986, 11703165, 11703193, 11703545, 11703614, 11704376, 11705377, 11711892,
                     11713736, 11717526, 11718378, 11718979, 11726960, 11727927, 11728150, 11731264, 11732014, 11732528,
                     11732534, 11734463, 11740668, 11741974, 11742497, 11742818, 11747144, 11753337, 11753401, 11753467,
                     11754908, 11756500, 11759505, 11759598, 11759705, 11759771, 11759847, 11761541, 11765519, 11766083,
                     11768668, 11769378, 11771064, 11774674, 11775395, 11776185, 11776309, 11779727, 11779768, 11780169,
                     11781269, 11783379, 11800256, 11804988, 11806314, 11807109, 11808390, 11808444, 11810064, 11812080,
                     11813606, 11813925, 11814477, 11815777, 11818430, 11819537, 11819699, 11819922, 11824635, 11826989,
                     11827519, 11827734, 11828676, 11829627, 11829676, 11830253, 11830351, 11832563, 11836386, 11841025,
                     11842294, 11842797, 11843351, 11843426, 11843676, 11843789, 11843893, 11846266, 11846711, 11847712,
                     11849835, 11850166, 11851032, 11853463, 11853814, 11857665, 11861570, 11862143, 11864201, 11864472,
                     11865483, 11866160, 11867211, 11867559, 11869400, 11871291, 11871901, 11872323, 11872939, 11874627,
                     11875503, 11877287, 11880495, 11886545, 11890365, 11892667, 11893092, 11893278, 11895874, 11898353,
                     11898959, 11902377, 11902574, 11903009, 11904505, 11905047, 11905049, 11905356, 11905514, 11905532,
                     11905681, 11907422, 11909901, 11913073, 11916892, 11920414, 11920792, 11922119, 11922292, 11923903,
                     11924642, 11926001, 11926474, 11926936, 11928414, 11929711, 11931687, 11932491, 11934347, 11935481,
                     11935578, 11935795, 11940105, 11942507, 11944342, 11944885, 11952533, 11955303, 11957178, 11959516,
                     11968312, 11969698, 11969927, 11972656, 11973147, 11985492, 11988130, 11992291, 11992942, 11992976,
                     11994349, 11994720, 11998930, 11999833, 12001568, 12001613, 12003539, 12004835, 12005640, 12007948,
                     12008435, 12010895, 12012673, 12015658, 12021229, 12028285, 12029973, 12033052, 12033349, 12033537,
                     12033562, 12033656, 12038319, 12038623, 12042357, 12047390, 12049975, 12054349, 12055821, 12056415,
                     12057424, 12062034, 12067583, 12067963, 12068438, 12070742, 12071890, 12074594, 12076758, 12079087,
                     12079878, 12084747, 12087396, 12087567, 12089465, 12092085, 12093594, 12095298, 12099360, 12099678,
                     12101237, 12103826, 12103927, 12109956, 12110882, 12111391, 12114668, 12116302, 12117211, 12122448,
                     12122597, 12124016, 12124616, 12124868, 12125135, 12125902, 12126423, 12126879, 12129412, 12130716,
                     12131126, 12132973, 12133286, 12134431, 12134661, 12134746, 12137245, 12139277, 12139481, 12139965,
                     12140308, 12140640, 12141677, 12147848, 12152450, 12157308, 12159125, 12159827, 12160568, 12162515,
                     12162674, 12165467, 12168656, 12168754, 12170320, 12170797, 12171183, 12173906, 12176083, 12177348,
                     12178788, 12180449, 12182649, 12183778, 12186215, 12186712, 12187106, 12188719, 12189466, 12189999,
                     12190949, 12190978, 12193163, 12195708, 12197110, 12197213, 12202375, 12206028, 12207803, 12209240,
                     12209409, 12209827, 12210151, 12210247, 12210291, 12213420, 12213619, 12216345, 12216740, 12218178,
                     12218179, 12219205, 12219250, 12220399, 12222017, 12222204, 12222572, 12223507, 12224702, 12224846,
                     12226445, 12226635, 12226747, 12229664, 12232274, 12236373, 12241072, 12245664, 12246124, 12247136,
                     12248910, 12249688, 12251648, 12252439, 12253065, 12253154, 12253384, 12254703, 12257303, 12257363,
                     12257877, 12258816, 12262475, 12264424, 12264491, 12265028, 12267963, 12270812, 12271177, 12271948,
                     12272645, 12278995, 12281685, 12282832, 12283379, 12284225, 12284374, 12284907, 12284925, 12285441,
                     12285777, 12285920, 12286507, 12286793, 12288282, 12288482, 12289242, 12289524, 12290543, 12293869,
                     12294281, 12294574, 12295040, 12295939, 12296061, 12296109, 12297260, 12298801, 12301143, 12301352,
                     12301916, 12304089, 12304133, 12309279, 12309410, 12313284, 12313744, 12315231, 12317768, 12318010,
                     12319826, 12320152, 12320988, 12321040, 12322772, 12324854, 12326402, 12326665, 12327557, 12327621,
                     12327855, 12327979, 12328646, 12328875, 12329014, 12329341, 12330586, 12330602, 12330668, 12332571,
                     12332662, 12339946, 12340044, 12340480, 12340925, 12342787, 12343100, 12345142, 12346634, 12347582,
                     12348681, 12351029, 12351797, 12352477, 12352497, 12352980, 12353221, 12353245, 12356210, 12356374,
                     12360192, 12360201, 12360629, 12361903, 12361936, 12362160, 12362657, 12364764, 12365847, 12365993,
                     12366541, 12369006, 12369293, 12369397, 12369610, 12372192, 12372754, 12373601, 12373971, 12374022,
                     12374066, 12379923, 12380550, 12381009, 12381713, 12381896, 12389301, 12391667, 12393854, 12393929,
                     12393937, 12395278, 12395350, 12396471, 12396842, 12396975, 12398287, 12399982, 12400606, 12402573,
                     12404846, 12404957, 12405160, 12405177, 12406332, 12406438, 12406606, 12409047, 12411704, 12411939,
                     12416250, 12418223, 12420928, 12422976, 12426225, 12426278, 12432412, 12436488, 12436541, 12436744,
                     12437647, 12438266, 12439319, 12439809, 12439906, 12440016, 12443087, 12445978, 12446295, 12446922,
                     12447183, 12447864, 12449412, 12451849, 12452669, 12452761, 12454893, 12458052, 12459396, 12460981,
                     12463057, 12465801, 12466226, 12467083, 12467355, 12469127, 12471967, 12472105, 12477717, 12478999,
                     12485170, 12486727, 12486803, 12487835, 12490278, 12490750, 12492420, 12492680, 12493971, 12495975,
                     12499457, 12499971, 12503562, 12504248, 12505176, 12505697, 12506568, 12510412, 12511016, 12511777,
                     12526486, 12526573, 12535007, 12537304, 12537750, 12539366, 12540065, 12541699, 12542475, 12543687,
                     12545721, 12545779, 12548928, 12552642, 12553095)
group by 1;
